25090109
25090114
25090111
25090113
25090106
25090107
25090501
25090118
25090108
25070138
16151627
25090128
25090126
25090503
25090133
12091005
12091007
12090808
12090629
12091004
12091006
12090806
12091206
12091205
12091013
13120149
27075521
27075529
13120156
13120157
27090102
27075537
27075539
13120154
13090129
27075533
13120153
27075525
14040148
14040150
14040188
14040191
14040157
14040159
14040182
14040183
14060268
14060314
14060262
14060333
14060316
14060310
14060312
14060263
14060313
14060258
14050733
14060311
14060315
14060332
24100497
14060338
14060334
24100672
14060278
14060273
14060277
24070306
14050401
24100499
24090113
25090142
13120241
13120237
13120238
13120240
13090170
13090173
12091224
25090149
12091036
25090527
12091220